-5.19
-5.76
-4.04
-3.17
-1.43
-6.51
-27.77
-14.92
-5.72
-23.62
-20.63
-10.31
-15
-27.24
-31.65
-32.14
-26.71
-18.36
-18.38
-19.3
-7.55
-6.41
-8.17
-8.26
-11.34
-11.42
-26.15
-24.79
-27.37
-14.21
-13
-13.34
-11.75
-11.27
-7.91
-14.7
-17.71
-15.23
-8.93
-15.06
-10.51
-23.27
-27.91
-25.71
-20.76
-24.37
-15.48
-16.84
-17
-17.31
-12.83
-8.84
-0.03
-4.29
-7.76
-10.04
-9.72
-2.15
-0.74
-4.52
-5.32
-5.89
-3.39
-6.28
-11.66
-12
-6.33
-9.98
-18.26
-8.83
-8.83
-5.98
-5.71
-7.13
-15.7
-17.43
-15.94
-8.66
-9.11
-7.69
-6.64
-8.31
-8.26
-1.57
-1.68
-3.36
0.32
2.17
2.24
0.62
3.26
-6.14
-7.57
-6.11
-3.66
-4.48
0.42
0.15
-0.92
-7.57
-6.11
-3.66
-4.48
0.42
-4.48
0.42
0.15
-0.92
-3.66
-4.48
0.42
-4.48
0.42
0.15
-0.92
0.42
-4.48
0.42
0.15
-0.92
0.15
3.96
8.91
6.93
6.93
8.91
3.96
8.91
7.92
5.94
6.93
3.96
9.9
3.96
6.93
3.96
9.9
9.9
8.91
7.92
6.93
9.9
4.95
7.92
4.95
5.94
4.95
8.91
3.96
3.96
8.91
9.9
7.98
7.42
6.26
6.37
8.22
10.15
15.25
12.06
14.45
13.03
11.45
13.98
19.39
18.05
19.35
18.07
21.17
18.91
17
16.66
18.32
18.89
18.34
18.45
15.82
15.89
18.11
17.51
18.05
13.5
13.44
17.46
5.53
8.97
14.53
13.94
14.28
14.85
14.06
13.98
9.4
13.77
11.66
13.93
15.23
13.98
15.18
13.09
16.07
15.42
14.76
16.92
18.71
16.67
19.33
17.44
17.75
16.45
16.56
16.85
16.05
18.36
21.79
12.32
10.81
13.14
8.52
11.73
7.1
14.06
15.47
17.5
12.35
5.99
6.29
7.58
14.58
12.66
6.09
12.46
7.55
14.97
6.02
6.89
4.19
7.03
2.4
4.21
9.27
10.39
8.02
5.06
8.41
12.18
6.2
13.16
8.78
8.12
6.51
7.06
2.94
1.27
0.31
0.89
2.78
2.85
0.12
1.51
2.65
5.91
1.7
-2.2
3.33
1.08
0.51
0.02
-2.96
-0.76
2.38
4.08
-0.32
-0.39
-4.68
-2.6
8.29
1.49
1.01
2.48
5.18
3.77
-1.56
-0.84
0.37
-9.9
-1.97
-0.39
-6.45
-1.86
-0.74
-3.86
-7.36
-3.07
-16.7
-22.06
-11.79
-12.24
-12.92
-12.9
-14.82
-14.79
-9.1
-5.76
-6.54
-4.6
-6.61
-9.4
-12.9
-4.65
-14.53
-22.24
-26.52
-25.28
-14.62
-13.82
-14.1
-16.8
-18.19
-13.63
-17.02
-8.17
-7.3
-6.51
-3.38
-5.93
-9.29
-13.34
-6.58
-16.81
-19.68
-14.85
-17.82
-10.89
-18.81
-16.83
-14.85
-17.82
-12.87
-14.85
-10.89
-10.89
-10.89
-14.85
-15.84
-9.9
-9.9
-10.89
-19.8
-13.86
-19.8
-17.82
-12.87
-18.81
-18.81
-16.83
-18.81
-8.91
-8.91
-10.89
-10.89
-13.86
-8.91
-9.9
-17.82

